0.44174280626224743
0.25
0.2857142857142857
0.6
0.5
0.4000000000000001
0.25
0.3333333333333333
0.5
0.20000000000000004
0.25
0.6
0.6666666666666666
0.3333333333333333
0.6666666666666666
0.25
0.4000000000000001
0.6
0.5
0.6
0.3333333333333333
0.5
0.42857142857142855
0.20000000000000004
0.6666666666666666
0.4000000000000001
0.3333333333333333
0.6666666666666666
0.75
0.375
0.42857142857142855
0.42857142857142855
0.5
0.25
0.3333333333333333
0.6
0.16666666666666666
0.625
0.5
0.4000000000000001
0.6
0.5
0.6666666666666666
0.5
0.75
0.42857142857142855
0.5
0.6
0.4000000000000001
0.5
0.3333333333333333
0.42857142857142855
0.3333333333333333
0.5
0.6
0.3333333333333333
0.5
0.4444444444444444
0.20000000000000004
0.3333333333333333
0.25
0.5
0.16666666666666666
0.3333333333333333
0.3333333333333333
0.5714285714285714
0.3333333333333333
0.5
0.42857142857142855
0.5
0.5
0.4000000000000001
0.5
0.4000000000000001
0.6
0.5
0.6666666666666666
0.1111111111111111
0.4000000000000001
0.4000000000000001
0.4000000000000001
0.3333333333333333
0.5
0.20000000000000004
0.6
0.25
0.75
0.3333333333333333
0.8000000000000002
0.5
0.5
0.5714285714285714
0.3333333333333333
0.3333333333333333
0.5
0.4000000000000001
0.6666666666666666
0.5833333333333334
0.25
0.5714285714285714
0.42857142857142855
0.2857142857142857
0.6
0.5
0.14285714285714285
0.5
0.5
0.4000000000000001
0.4000000000000001
0.25
0.5
0.3
0.3333333333333333
0.42857142857142855
0.375
0.25
0.4000000000000001
0.4444444444444444
0.8000000000000002
0.3
0.3333333333333333
0.3
0.625
0.5
0.5
0.20000000000000004
0.5
0.3333333333333333
0.5714285714285714
0.5
0.375
0.7
0.4000000000000001
0.5
0.6666666666666666
0.375
0.45454545454545453
0.6
0.5
0.3333333333333333
0.36363636363636365
0.5
0.3333333333333333
0.20000000000000004
0.5
0.4000000000000001
0.42105263157894735
0.6
0.6
0.4166666666666667
0.42857142857142855
0.5
0.42857142857142855
0.3333333333333333
0.42857142857142855
0.5
0.6666666666666666
0.20000000000000004
0.6666666666666666
0.2222222222222222
0.42857142857142855
0.5
0.3333333333333333
0.42857142857142855
0.375
0.5714285714285714
0.20000000000000004
0.4000000000000001
0.4000000000000001
0.25
0.75
0.8000000000000002
0.25
0.5
0.6666666666666666
0.4000000000000001
0.75
0.2857142857142857
0.5
0.5
0.5
0.5555555555555556
0.4000000000000001
0.4375
0.3333333333333333
0.4000000000000001
0.20000000000000004
0.3333333333333333
0.625
0.375
0.25
0.375
0.42857142857142855
0.5
0.5
0.3333333333333333
0.5
0.5
0.6666666666666666
0.375
0.3333333333333333
0.3333333333333333
0.2857142857142857
0.6666666666666666
0.7
0.6666666666666666
0.42857142857142855
0.6666666666666666
0.3333333333333333
0.5454545454545454
0.42857142857142855
0.20000000000000004
0.5
0.375
0.4000000000000001
0.5
0.5714285714285714
0.3
0.25
0.5
0.5
0.625
0.4000000000000001
0.6666666666666666
0.5
0.6
0.16666666666666666
0.5
0.4000000000000001
0.20000000000000004
0.20000000000000004
0.6666666666666666
0.6666666666666666
0.3333333333333333
0.75
0.25
0.25
0.6
0.2857142857142857
0.25
0.6
0.5
0.2857142857142857
0.29411764705882354
0.4000000000000001
0.5
0.4444444444444444
0.5
0.3333333333333333
0.2727272727272727
0.6666666666666666
0.42857142857142855
0.4166666666666667
0.5
0.2857142857142857
0.5
0.4000000000000001
0.5555555555555556
0.5
0.6
0.36363636363636365
0.42857142857142855
0.5714285714285714
0.42857142857142855
0.375
0.5
0.5
0.25
0.5
0.625
0.5454545454545454
0.25
0.42857142857142855
0.6
0.6
0.5
0.0
0.375
0.4000000000000001
0.625
0.5
0.4000000000000001
0.5
0.5
0.42857142857142855
0.4000000000000001
0.25
0.15789473684210525
0.3333333333333333
0.42857142857142855
0.4000000000000001
0.14285714285714285
0.42857142857142855
0.375
0.4000000000000001
0.5714285714285714
0.4444444444444444
0.16666666666666666
0.25
0.2857142857142857
0.5
0.5
0.8000000000000002
0.5714285714285714
0.6
0.20000000000000004
0.5
0.6
0.3333333333333333
0.5
0.5
0.5
0.5
0.6666666666666666
0.2857142857142857
0.5
0.2857142857142857
0.625
0.5555555555555556
0.6666666666666666
0.5
0.5
0.25
0.625
0.2857142857142857
0.5
0.25
0.6666666666666666
0.4000000000000001
0.5
0.3888888888888889
0.4000000000000001
0.46153846153846156
0.6666666666666666
0.4000000000000001
0.5
0.5
0.2857142857142857
0.4000000000000001
0.16666666666666666
0.3333333333333333
0.4000000000000001
0.2857142857142857
0.6666666666666666
0.5714285714285714
0.7
0.14285714285714285
0.4000000000000001
0.4444444444444444
0.42857142857142855
0.4000000000000001
0.4000000000000001
0.6666666666666666
0.3333333333333333
0.4166666666666667
0.3333333333333333
0.25
0.3333333333333333
0.625
0.3333333333333333
0.4000000000000001
0.6
0.5
0.4000000000000001
0.4000000000000001
0.75
0.375
0.7142857142857143
0.6
0.6
0.4000000000000001
0.4000000000000001
0.5
0.5
0.16666666666666666
0.5
0.2857142857142857
0.75
0.4000000000000001
0.20000000000000004
0.4000000000000001
0.6
0.5
0.3333333333333333
0.2857142857142857
0.75
0.16666666666666666
0.14285714285714285
0.4000000000000001
0.6
0.6666666666666666
0.375
0.42857142857142855
0.42857142857142855
0.25
0.6
0.5
0.42857142857142855
0.3333333333333333
0.4166666666666667
0.3333333333333333
0.3333333333333333
0.42857142857142855
0.42857142857142855
0.6
0.4444444444444444
0.6
0.3333333333333333
0.5
0.5384615384615384
0.5
0.4000000000000001
0.42857142857142855
0.5
0.2857142857142857
0.625
0.5714285714285714
0.8000000000000002
0.5
0.8000000000000002
0.6
0.3333333333333333
0.5
0.6
0.7142857142857143
0.6
0.2222222222222222
0.3333333333333333
0.3333333333333333
0.20000000000000004
0.25
0.75
0.25
0.5
0.45454545454545453
0.5
0.5
0.2727272727272727
0.4000000000000001
0.3333333333333333
0.375
0.375
0.2857142857142857
0.5
0.3333333333333333
0.5
0.3333333333333333
0.4000000000000001
0.375
0.375
0.625
0.5
0.2857142857142857
0.6666666666666666
0.4444444444444444
0.42857142857142855
0.5
0.5714285714285714
0.16666666666666666
0.5
0.5
0.6666666666666666
0.5
0.5
0.4000000000000001
0.4000000000000001
0.5
0.4000000000000001
0.2857142857142857
0.16666666666666666
0.6666666666666666
0.5
0.5454545454545454
0.3333333333333333
0.6
0.5
0.6
0.4000000000000001
0.5
0.5
0.6
0.42857142857142855
0.3333333333333333
0.25
0.25
0.6666666666666666
0.3333333333333333
0.38461538461538464
0.3333333333333333
0.5
0.3333333333333333
0.3333333333333333
0.3333333333333333
0.375
0.3
0.4000000000000001
0.25
0.5714285714285714
0.5
0.6
0.4000000000000001
0.18181818181818182
0.5
0.4000000000000001
0.5
0.5
0.4000000000000001
0.5
0.25
0.3333333333333333
0.0
